function dir = fn_dir_lookup(theta, mode, rad)
% Simple lookup of directivity measured in an FE simulation when centre
% frequency was 5MHz and element width was 0.45mm operating in contact with
% an aluminium block.

phi = [1.5657435038699685, 1.5632170924074664, 1.5606906809449836, 1.5581642694825182, 1.5556378580200385, 1.5531114465575586, 1.550585035095081, 1.548058623632604, 1.545532212170127, 1.5430058007076535, 1.5404793892451747, 1.5379529777826977, 1.5354265663202264, 1.5329001548577463, 1.5303737433952693, 1.5278473319327937, 1.525320920470317, 1.5227945090078387, 1.5202680975453617, 1.5177416860828874, 1.5152152746204095, 1.512688863157932, 1.5101624516954568, 1.507636040232978, 1.5051096287705013, 1.5025832173080245, 1.500056805845549, 1.4975303943830731, 1.495003982920596, 1.4924775714581195, 1.489951159995642, 1.4874247485331646, 1.4848983370706885, 1.4823719256082113, 1.4798455141457354, 1.4773191026832597, 1.4747926912207814, 1.4722662797583048, 1.469739868295829, 1.4672134568333526, 1.4646870453708756, 1.4621606339083986, 1.4596342224459211, 1.457107810983444, 1.4545813995209682, 1.4520549880584912, 1.4495285765960149, 1.4470021651335379, 1.4444757536710606, 1.4419493422085852, 1.4394229307461073, 1.4368965192836307, 1.4343701078211541, 1.4318436963586778, 1.4293172848962004, 1.426790873433724, 1.424264461971247, 1.421738050508771, 1.4192116390462943, 1.4166852275838178, 1.4141588161213408, 1.4116324046588637, 1.4091059931963863, 1.40657958173391, 1.4040531702714345, 1.4015267588089573, 1.3990003473464803, 1.3964739358840033, 1.3939475244215271, 1.3914211129590504, 1.388894701496573, 1.3863682900340968, 1.3838418785716193, 1.381315467109143, 1.3787890556466662, 1.3762626441841899, 1.3737362327217133, 1.3712098212592365, 1.3686834097967595, 1.366156998334283, 1.3636305868718062, 1.3611041754093294, 1.3585777639468526, 1.3560513524843762, 1.3535249410218992, 1.3509985295594222, 1.3484721180969461, 1.3459457066344693, 1.3434192951719925, 1.340892883709516, 1.3383664722470394, 1.3358400607845629, 1.3333136493220854, 1.3307872378596093, 1.328260826397132, 1.3257344149346553, 1.3232080034721785, 1.320681592009702, 1.3181551805472254, 1.3156287690847486, 1.3131023576222718, 1.3105759461597952, 1.3080495346973184, 1.3055231232348419, 1.302996711772365, 1.3004703003098883, 1.2979438888474122, 1.295417477384935, 1.2928910659224584, 1.2903646544599816, 1.287838242997505, 1.285311831535028, 1.282785420072551, 1.2802590086100745, 1.2777325971475981, 1.2752061856851211, 1.2726797742226443, 1.2701533627601678, 1.267626951297691, 1.2651005398352142, 1.2625741283727376, 1.260047716910261, 1.2575213054477843, 1.2549948939853075, 1.252468482522831, 1.2499420710603542, 1.2474156595978771, 1.2448892481354004, 1.2423628366729238, 1.2398364252104468, 1.2373100137479704, 1.2347836022854937, 1.2322571908230173, 1.2297307793605405, 1.2272043678980635, 1.224677956435587, 1.2221515449731104, 1.2196251335106336, 1.2170987220481568, 1.21457231058568, 1.2120458991232033, 1.2095194876607265, 1.2069930761982504, 1.2044666647357734, 1.2019402532732966, 1.1994138418108198, 1.196887430348343, 1.1943610188858664, 1.1918346074233894, 1.1893081959609129, 1.1867817844984363, 1.1842553730359595, 1.1817289615734825, 1.1792025501110062, 1.1766761386485296, 1.1741497271860526, 1.1716233157235763, 1.1690969042610992, 1.1665704927986227, 1.1640440813361457, 1.161517669873669, 1.1589912584111925, 1.1564648469487155, 1.1539384354862388, 1.1514120240237622, 1.1488856125612854, 1.146359201098809, 1.143832789636332, 1.1413063781738553, 1.1387799667113785, 1.136253555248902, 1.1337271437864254, 1.1312007323239486, 1.1286743208614718, 1.1261479093989952, 1.1236214979365182, 1.1210950864740419, 1.118568675011565, 1.1160422635490883, 1.1135158520866115, 1.110989440624135, 1.1084630291616582, 1.1059366176991816, 1.1034102062367046, 1.1008837947742278, 1.0983573833117513, 1.0958309718492745, 1.0933045603867981, 1.0907781489243211, 1.0882517374618443, 1.0857253259993676, 1.083198914536891, 1.0806725030744144, 1.0781460916119374, 1.075619680149461, 1.0730932686869843, 1.0705668572245075, 1.0680404457620307, 1.0655140342995537, 1.0629876228370772, 1.0604612113746006, 1.057934799912124, 1.055408388449647, 1.0528819769871705, 1.0503555655246937, 1.047829154062217, 1.0453027425997403, 1.0427763311372633, 1.0402499196747867, 1.0377235082123102, 1.0351970967498334, 1.0326706852873566, 1.03014427382488, 1.0276178623624033, 1.0250914508999267, 1.02256503943745, 1.0200386279749731, 1.0175122165124963, 1.0149858050500196, 1.012459393587543, 1.0099329821250664, 1.0074065706625897, 1.004880159200113, 1.002353747737636, 0.9998273362751595, 0.9973009248126827, 0.994774513350206, 0.9922481018877294, 0.9897216904252526, 0.9871952789627758, 0.9846688675002991, 0.9821424560378225, 0.9796160445753458, 0.977089633112869, 0.9745632216503923, 0.9720368101879158, 0.9695103987254388, 0.9669839872629622, 0.9644575758004854, 0.9619311643380086, 0.9594047528755321, 0.9568783414130554, 0.9543519299505785, 0.9518255184881019, 0.9492991070256251, 0.9467726955631486, 0.9442462841006719, 0.941719872638195, 0.9391934611757184, 0.9366670497132414, 0.9341406382507649, 0.9316142267882882, 0.9290878153258113, 0.9265614038633346, 0.9240349924008581, 0.9215085809383813, 0.9189821694759046, 0.9164557580134279, 0.9139293465509513, 0.9114029350884745, 0.9088765236259977, 0.9063501121635209, 0.9038237007010445, 0.9012972892385677, 0.898770877776091, 0.8962444663136142, 0.8937180548511375, 0.8911916433886609, 0.8886652319261841, 0.8861388204637073, 0.8836124090012306, 0.8810859975387542, 0.8785595860762772, 0.8760331746138005, 0.873506763151324, 0.8709803516888472, 0.8684539402263703, 0.8659275287638936, 0.8634011173014171, 0.8608747058389403, 0.8583482943764636, 0.8558218829139868, 0.8532954714515102, 0.8507690599890332, 0.8482426485265567, 0.84571623706408, 0.8431898256016032, 0.8406634141391266, 0.8381370026766497, 0.835610591214173, 0.8330841797516965, 0.8305577682892196, 0.8280313568267428, 0.8255049453642663, 0.8229785339017895, 0.8204521224393128, 0.8179257109768361, 0.8153992995143595, 0.8128728880518826, 0.8103464765894061, 0.8078200651269293, 0.8052936536644524, 0.8027672422019758, 0.800240830739499, 0.7977144192770224, 0.7951880078145456, 0.7926615963520689, 0.7901351848895921, 0.7876087734271155, 0.7850823619646387, 0.782555950502162, 0.7800295390396853, 0.7775031275772087, 0.7749767161147318, 0.7724503046522552, 0.7699238931897785, 0.7673974817273018, 0.7648710702648251, 0.7623446588023484, 0.7598182473398717, 0.757291835877395, 0.7547654244149181, 0.7522390129524416, 0.7497126014899649, 0.7471861900274882, 0.7446597785650113, 0.7421333671025346, 0.7396069556400579, 0.7370805441775815, 0.7345541327151045, 0.7320277212526275, 0.7295013097901512, 0.7269748983276744, 0.7244484868651977, 0.7219220754027208, 0.7193956639402443, 0.7168692524777676, 0.7143428410152909, 0.711816429552814, 0.7092900180903374, 0.7067636066278605, 0.704237195165384, 0.7017107837029072, 0.6991843722404305, 0.6966579607779538, 0.6941315493154772, 0.6916051378530004, 0.6890787263905237, 0.686552314928047, 0.6840259034655701, 0.6814994920030937, 0.6789730805406168, 0.6764466690781399, 0.6739202576156634, 0.6713938461531866, 0.66886743469071, 0.6663410232282332, 0.6638146117657566, 0.6612882003032798, 0.658761788840803, 0.6562353773783264, 0.6537089659158496, 0.6511825544533729, 0.6486561429908961, 0.6461297315284196, 0.6436033200659427, 0.6410769086034662, 0.6385504971409893, 0.6360240856785127, 0.6334976742160359, 0.6309712627535594, 0.6284448512910826, 0.6259184398286057, 0.6233920283661292, 0.6208656169036523, 0.6183392054411758, 0.6158127939786988, 0.6132863825162224, 0.6107599710537455, 0.6082335595912689, 0.6057071481287921, 0.6031807366663156, 0.6006543252038387, 0.5981279137413619, 0.5956015022788853, 0.5930750908164084, 0.5905486793539318, 0.5880222678914552, 0.5854958564289785, 0.5829694449665017, 0.580443033504025, 0.5779166220415483, 